[gd_scene load_steps=24 format=3 uid="uid://b7lcb6thi2mf3"]

[ext_resource type="Script" uid="uid://crjc2bgt7b4y6" path="res://scripts/persistent_menu.gd" id="1_4l422"]
[ext_resource type="PackedScene" uid="uid://ckama6l5hm14f" path="res://scenes/interface/menus/submenus/main_menu.tscn" id="1_6apcv"]
[ext_resource type="PackedScene" uid="uid://becole35yh5wp" path="res://resources/3d_models/space_ship/fbx/Transporter.fbx" id="3_acse1"]
[ext_resource type="Script" uid="uid://cbcpwebvxl47t" path="res://scripts/persistent_menu_world.gd" id="3_mp0u6"]
[ext_resource type="PackedScene" uid="uid://bt6t2f54tl5qb" path="res://resources/3d_models/environment_tileset/Rock/Gros_Rochet_01.fbx" id="5_qtjd4"]
[ext_resource type="PackedScene" uid="uid://di8q7xjdnagie" path="res://resources/3d_models/environment_tileset/Rock/Gros_Rochet_02.fbx" id="6_eo7sq"]
[ext_resource type="PackedScene" uid="uid://ce4t15jrdjq1w" path="res://resources/3d_models/environment_tileset/Rock/Rochet_2.fbx" id="6_iogwr"]
[ext_resource type="PackedScene" uid="uid://c7wao32pijllb" path="res://resources/3d_models/environment_tileset/Rock/Rochet_3.fbx" id="7_lqpld"]
[ext_resource type="PackedScene" uid="uid://bib8h7h077nxb" path="res://resources/3d_models/environment_tileset/Rock/Gros_Rochet_03.fbx" id="7_o8hql"]
[ext_resource type="PackedScene" uid="uid://du6pg0ciwax14" path="res://resources/3d_models/environment_tileset/Rock/Rochet_4.fbx" id="8_qtjd4"]
[ext_resource type="ArrayMesh" uid="uid://buvi6364r0k1i" path="res://resources/3d_models/kenney_space-kit/craft_speederD.obj" id="9_ddp1c"]
[ext_resource type="PackedScene" uid="uid://bdgvjmnsm4ssf" path="res://resources/3d_models/environment_tileset/Rock/Rochet_5.fbx" id="9_eo7sq"]
[ext_resource type="PackedScene" uid="uid://ciu23jbs2orlb" path="res://resources/3d_models/environment_tileset/Skeletons/Squelette_1.fbx" id="13_35mug"]
[ext_resource type="PackedScene" uid="uid://bwntla5wdp1g3" path="res://resources/3d_models/environment_tileset/Skeletons/Squelette_2.fbx" id="14_trtlq"]
[ext_resource type="PackedScene" uid="uid://0871rjrhenc4" path="res://resources/3d_models/environment_tileset/Skeletons/Squelette_3.fbx" id="15_slgcj"]
[ext_resource type="PackedScene" uid="uid://drqibnxlu8o37" path="res://resources/3d_models/environment_tileset/Rock/Sol_Final.fbx" id="16_rfl6w"]
[ext_resource type="PackedScene" uid="uid://ckig5y1p23g32" path="res://resources/3d_models/environment_tileset/Vegetation/Arbre_mort.fbx" id="17_rfl6w"]
[ext_resource type="PackedScene" uid="uid://cn56r5yyr74ih" path="res://resources/3d_models/environment_tileset/Vegetation/Coreaux.fbx" id="18_xevbn"]
[ext_resource type="PackedScene" uid="uid://b7mvh3wggo25l" path="res://resources/3d_models/environment_tileset/Vegetation/Plante.fbx" id="19_kgcmm"]
[ext_resource type="PackedScene" uid="uid://3br28g4r5qmw" path="res://resources/world_environment.tscn" id="22_6eyqy"]
[ext_resource type="PackedScene" uid="uid://cgarh2yr3h1ff" path="res://scenes/world/levels/environments/environment_test2.tscn" id="26_qr31r"]

[sub_resource type="SphereMesh" id="SphereMesh_mp0u6"]
radius = 20.0
height = 40.0

[sub_resource type="StandardMaterial3D" id="StandardMaterial3D_mp0u6"]
albedo_color = Color(0, 0.841753, 0.951815, 1)

[node name="PersistentMenu" type="Node"]
script = ExtResource("1_4l422")

[node name="CanvasLayer" type="CanvasLayer" parent="."]

[node name="MainMenu" parent="CanvasLayer" instance=ExtResource("1_6apcv")]

[node name="World" type="Node3D" parent="."]
script = ExtResource("3_mp0u6")

[node name="Environment" type="Node3D" parent="World"]

[node name="Transporter" parent="World/Environment" instance=ExtResource("3_acse1")]
transform = Transform3D(-0.880643, 0, 0.473781, 0, 1, 0, -0.473781, 0, -0.880643, -1.24191, -0.228299, -0.444328)
visible = false

[node name="MeshInstance3D2" type="MeshInstance3D" parent="World/Environment"]
transform = Transform3D(2, 0, 0, 0, 1.99969, -0.0354284, 0, 0.0354284, 1.99969, -108.252, 242.777, -144.546)
visible = false
mesh = SubResource("SphereMesh_mp0u6")
surface_material_override/0 = SubResource("StandardMaterial3D_mp0u6")

[node name="mesh" parent="World/Environment" instance=ExtResource("5_qtjd4")]
transform = Transform3D(1, 0, 0, 0, 1, 0, 0, 0, 1, -26.8224, 0, 4.89856)

[node name="Gros_Rochet_02" parent="World/Environment" instance=ExtResource("6_eo7sq")]
transform = Transform3D(1, 0, 0, 0, 1, 0, 0, 0, 1, -14.6207, 0, -0.189877)

[node name="Gros_Rochet_03" parent="World/Environment" instance=ExtResource("7_o8hql")]
transform = Transform3D(0.200189, 0, -0.979757, 0, 1, 0, 0.979757, 0, 0.200189, -21.4274, 1.89888, -20.3136)

[node name="Camera3D" type="Camera3D" parent="World"]
transform = Transform3D(0.995539, -0.0573971, -0.0748852, 0.0106809, 0.857139, -0.514975, 0.0937451, 0.511878, 0.853928, 3.87476, 7.68911, 8.60393)
current = true

[node name="MarkerCamTitle" type="Marker3D" parent="World"]
transform = Transform3D(1, 0, 0, 0, 0.793683, -0.608332, 0, 0.608332, 0.793683, 3.87476, 7.68911, 8.60393)

[node name="MarkerCamCollection" type="Marker3D" parent="World"]
transform = Transform3D(-0.160967, 0.855369, 0.492376, 0, 0.498881, -0.86667, -0.98696, -0.139505, -0.0803032, 10.5547, 9.98661, 4.92289)

[node name="MarkerCamPlay" type="Marker3D" parent="World"]
transform = Transform3D(0.99911, 0.0158331, -0.0391059, 8.90004e-09, 0.926909, 0.375286, 0.0421895, -0.374952, 0.926084, -1.23903, 3.21501, 4.80605)

[node name="MarkerCamResearch" type="Marker3D" parent="World"]
transform = Transform3D(0.846983, 0.19951, -0.492764, 8.90004e-09, 0.926909, 0.375286, 0.53162, -0.317861, 0.785076, -4.15924, 2.51865, 1.09596)

[node name="MarkerCamCraft" type="Marker3D" parent="World"]
transform = Transform3D(0.949825, 0.117383, -0.289921, 8.90004e-09, 0.926909, 0.375286, 0.312783, -0.356456, 0.880401, -2.04964, 1.20491, 2.85299)

[node name="MarkerCamMission" type="Marker3D" parent="World"]
transform = Transform3D(0.97875, 0.0769561, -0.190072, -1.60492e-08, 0.926909, 0.375286, 0.20506, -0.367311, 0.907212, 0.132795, 3.11517, 2.60178)

[node name="MarkerCamStartGame" type="Marker3D" parent="World"]
transform = Transform3D(0.946649, 0.153772, -0.283213, 0, 0.878817, 0.477159, 0.322266, -0.451702, 0.831932, 0.338, 2.955, 1.542)

[node name="Camera3DPlay" type="Camera3D" parent="World"]
transform = Transform3D(0.99911, 0.0158331, -0.0391059, 8.90004e-09, 0.926909, 0.375286, 0.0421895, -0.374952, 0.926084, -1.23903, 3.21501, 4.80605)

[node name="DirectionalLight3D" type="DirectionalLight3D" parent="World"]
transform = Transform3D(1, 0, 0, 0, 1, 0, 0, 0, 1, -0.301192, 4.0694, 8.22984)
light_energy = 2.0

[node name="CraftSpeederD" type="MeshInstance3D" parent="World"]
transform = Transform3D(1.63522, 0, 3.17348, 0, 3.57, 0, -3.17348, 0, 1.63522, -1.32491, 0.256929, -0.642863)
mesh = ExtResource("9_ddp1c")

[node name="Rochet_2" parent="." instance=ExtResource("6_iogwr")]
transform = Transform3D(1, 0, 0, 0, 1, 0, 0, 0, 1, 1.51667, 3.25747, -19.2806)

[node name="Rochet_3" parent="." instance=ExtResource("7_lqpld")]
transform = Transform3D(1, 0, 0, 0, 1, 0, 0, 0, 1, 20.0432, 0, -6.53362)
visible = false

[node name="Rochet_4" parent="." instance=ExtResource("8_qtjd4")]
transform = Transform3D(1, 0, 0, 0, 1, 0, 0, 0, 1, -14.7815, 0, 6.03521)

[node name="Rochet_5" parent="." instance=ExtResource("9_eo7sq")]
transform = Transform3D(0.999999, -0.000574583, 0.00118307, 0.000576607, 0.999998, -0.00169634, -0.00118209, 0.00169703, 0.999998, -8.8814, 2.68186, 15.6236)

[node name="Rochet_6" parent="." instance=ExtResource("9_eo7sq")]
transform = Transform3D(0.999999, -0.000574583, 0.00118307, 0.000576607, 0.999998, -0.00169634, -0.00118209, 0.00169703, 0.999998, -8.8814, 2.68186, 15.6236)

[node name="Squelette_1" parent="." instance=ExtResource("13_35mug")]
transform = Transform3D(69.4643, 0, 0, 0, 69.4643, 0, 0, 0, 69.4643, 0.928643, 0, 13.8309)

[node name="Squelette_2" parent="." instance=ExtResource("14_trtlq")]
transform = Transform3D(41.1245, 0, -92.4323, 0, 101.168, 0, 92.4323, 0, 41.1245, 9.44059, 0, -3.98423)

[node name="Squelette_3" parent="." instance=ExtResource("15_slgcj")]
transform = Transform3D(95.982, 0, 0, 0, 95.982, 0, 0, 0, 95.982, -11.648, -0.674793, -21.9862)

[node name="Arbre_mort" parent="." instance=ExtResource("17_rfl6w")]
transform = Transform3D(1, 0, 0, 0, 1, 0, 0, 0, 1, -15.9209, -1.01926, 8.73569)

[node name="Coreaux" parent="." instance=ExtResource("18_xevbn")]
transform = Transform3D(0.639868, 0, -0.768485, 0, 1, 0, 0.768485, 0, 0.639868, 1.65873, -9.53674e-07, 2.60107)

[node name="Coreaux2" parent="." instance=ExtResource("18_xevbn")]
transform = Transform3D(1, 0, 0, 0, 1, 0, 0, 0, 1, -5.54063, -0.0187254, 1.67806)

[node name="Coreaux3" parent="." instance=ExtResource("18_xevbn")]
transform = Transform3D(1, 0, 0, 0, 1, 0, 0, 0, 1, -7.84505, 0, 23.3803)

[node name="Plante" parent="." instance=ExtResource("19_kgcmm")]
transform = Transform3D(1, 0, 0, 0, 1, 0, 0, 0, 1, 18.9753, 9.53674e-07, 14.5183)

[node name="Plante2" parent="." instance=ExtResource("19_kgcmm")]
transform = Transform3D(2.4749, 0, 0, 0, 2.4749, 0, 0, 0, 2.4749, -4.07285, 0, -16.3443)

[node name="Sol_Final2" parent="." instance=ExtResource("16_rfl6w")]
transform = Transform3D(-0.00694631, 0, -0.999976, 0, 1, 0, 0.999976, 0, -0.00694631, -7.59697, -0.204174, 43.859)

[node name="LevelEnvironment" parent="." instance=ExtResource("26_qr31r")]
transform = Transform3D(1.95814, 0, -0.407044, 0, 7, 0, 0.407044, 0, 1.95814, 1.17223, -1.75931, 2.72057)

[node name="WorldEnvironment" parent="." instance=ExtResource("22_6eyqy")]
